{
 "cells": [
  {
   "cell_type": "code",
   "execution_count": 34,
   "metadata": {},
   "outputs": [],
   "source": [
    "import HW3\n",
    "import numpy as np\n",
    "import math\n",
    "from pprint import pprint"
   ]
  },
  {
   "cell_type": "markdown",
   "metadata": {},
   "source": [
    "# shared config"
   ]
  },
  {
   "cell_type": "code",
   "execution_count": 2,
   "metadata": {},
   "outputs": [],
   "source": [
    "K = 100\n",
    "r = 0.1\n",
    "T = 0.5\n",
    "simCnt = 100000\n",
    "repeatCnt = 20\n",
    "S0_i = 95\n",
    "q_i = 0.05\n",
    "sigma_i = 0.5"
   ]
  },
  {
   "cell_type": "markdown",
   "metadata": {},
   "source": [
    "# quesiton 1"
   ]
  },
  {
   "cell_type": "code",
   "execution_count": 3,
   "metadata": {},
   "outputs": [],
   "source": [
    "assetCnt = 2\n",
    "S0Lst = [S0_i] * assetCnt\n",
    "qLst = [q_i] * assetCnt\n",
    "sigmaLst = [sigma_i] * assetCnt\n",
    "corrMatrix = [[1, 0.9999999],[0.9999999,1]]"
   ]
  },
  {
   "cell_type": "code",
   "execution_count": 4,
   "metadata": {},
   "outputs": [],
   "source": [
    "test = HW3.rainbow_mcSim(K, r, T, assetCnt, S0Lst, qLst, sigmaLst, corrMatrix, simCnt, repeatCnt)"
   ]
  },
  {
   "cell_type": "markdown",
   "metadata": {},
   "source": [
    "# without antithetic"
   ]
  },
  {
   "cell_type": "code",
   "execution_count": 5,
   "metadata": {},
   "outputs": [
    {
     "name": "stdout",
     "output_type": "stream",
     "text": [
      "[[1.         0.00125807]\n",
      " [0.00125807 1.        ]]\n"
     ]
    }
   ],
   "source": [
    "test.sim('')"
   ]
  },
  {
   "cell_type": "code",
   "execution_count": 6,
   "metadata": {},
   "outputs": [
    {
     "data": {
      "text/plain": [
       "array([[1.       , 0.9999999],\n",
       "       [0.9999999, 1.       ]])"
      ]
     },
     "execution_count": 6,
     "metadata": {},
     "output_type": "execute_result"
    }
   ],
   "source": [
    "np.corrcoef(test.simulator.result[0], rowvar = False)"
   ]
  },
  {
   "cell_type": "code",
   "execution_count": 7,
   "metadata": {},
   "outputs": [
    {
     "name": "stdout",
     "output_type": "stream",
     "text": [
      "mean: 11.987275439313098 std: 0.07649748817066543\n",
      "11.834280462971767 11.987275439313098 12.14027041565443\n"
     ]
    }
   ],
   "source": [
    "test.answer()"
   ]
  },
  {
   "cell_type": "markdown",
   "metadata": {},
   "source": [
    "# with antithetic"
   ]
  },
  {
   "cell_type": "code",
   "execution_count": 8,
   "metadata": {},
   "outputs": [
    {
     "name": "stdout",
     "output_type": "stream",
     "text": [
      "[[1.         0.00411243]\n",
      " [0.00411243 1.        ]]\n"
     ]
    }
   ],
   "source": [
    "test.sim('bonus1')"
   ]
  },
  {
   "cell_type": "code",
   "execution_count": 9,
   "metadata": {},
   "outputs": [
    {
     "data": {
      "text/plain": [
       "array([[1.       , 0.9999999],\n",
       "       [0.9999999, 1.       ]])"
      ]
     },
     "execution_count": 9,
     "metadata": {},
     "output_type": "execute_result"
    }
   ],
   "source": [
    "np.corrcoef(test.simulator.result[0], rowvar = False)"
   ]
  },
  {
   "cell_type": "code",
   "execution_count": 10,
   "metadata": {},
   "outputs": [
    {
     "name": "stdout",
     "output_type": "stream",
     "text": [
      "mean: 11.981418379007494 std: 0.010948175603967358\n",
      "11.959522027799558 11.981418379007494 12.003314730215429\n"
     ]
    }
   ],
   "source": [
    "test.answer()"
   ]
  },
  {
   "cell_type": "markdown",
   "metadata": {},
   "source": [
    "# antithetic + inv charloskey"
   ]
  },
  {
   "cell_type": "code",
   "execution_count": 11,
   "metadata": {},
   "outputs": [
    {
     "name": "stdout",
     "output_type": "stream",
     "text": [
      "[[ 1.00000000e+00 -7.90034704e-18]\n",
      " [-7.90034704e-18  1.00000000e+00]]\n"
     ]
    }
   ],
   "source": [
    "test.sim('bonus2')"
   ]
  },
  {
   "cell_type": "code",
   "execution_count": 12,
   "metadata": {},
   "outputs": [
    {
     "data": {
      "text/plain": [
       "array([[1.       , 0.9999999],\n",
       "       [0.9999999, 1.       ]])"
      ]
     },
     "execution_count": 12,
     "metadata": {},
     "output_type": "execute_result"
    }
   ],
   "source": [
    "np.corrcoef(test.simulator.result[0], rowvar = False)"
   ]
  },
  {
   "cell_type": "code",
   "execution_count": 13,
   "metadata": {},
   "outputs": [
    {
     "name": "stdout",
     "output_type": "stream",
     "text": [
      "mean: 11.981416330317495 std: 0.010946818657743574\n",
      "11.959522693002008 11.981416330317495 12.003309967632983\n"
     ]
    }
   ],
   "source": [
    "test.answer()"
   ]
  },
  {
   "cell_type": "markdown",
   "metadata": {},
   "source": [
    "# quesiton 2"
   ]
  },
  {
   "cell_type": "code",
   "execution_count": 14,
   "metadata": {},
   "outputs": [],
   "source": [
    "assetCnt = 2\n",
    "S0Lst = [S0_i] * assetCnt\n",
    "qLst = [q_i] * assetCnt\n",
    "sigmaLst = [sigma_i] * assetCnt\n",
    "corrMatrix = [[1, -0.9999999],[-0.9999999,1]]"
   ]
  },
  {
   "cell_type": "code",
   "execution_count": 15,
   "metadata": {},
   "outputs": [],
   "source": [
    "test = HW3.rainbow_mcSim(K, r, T, assetCnt, S0Lst, qLst, sigmaLst, corrMatrix, simCnt, repeatCnt)"
   ]
  },
  {
   "cell_type": "markdown",
   "metadata": {},
   "source": [
    "# without antithetic"
   ]
  },
  {
   "cell_type": "code",
   "execution_count": 16,
   "metadata": {},
   "outputs": [
    {
     "name": "stdout",
     "output_type": "stream",
     "text": [
      "[[ 1.         -0.00628842]\n",
      " [-0.00628842  1.        ]]\n"
     ]
    }
   ],
   "source": [
    "test.sim('')"
   ]
  },
  {
   "cell_type": "code",
   "execution_count": 17,
   "metadata": {},
   "outputs": [
    {
     "data": {
      "text/plain": [
       "array([[ 1.       , -0.9999999],\n",
       "       [-0.9999999,  1.       ]])"
      ]
     },
     "execution_count": 17,
     "metadata": {},
     "output_type": "execute_result"
    }
   ],
   "source": [
    "np.corrcoef(test.simulator.result[0], rowvar = False)"
   ]
  },
  {
   "cell_type": "code",
   "execution_count": 18,
   "metadata": {},
   "outputs": [
    {
     "name": "stdout",
     "output_type": "stream",
     "text": [
      "mean: 23.949208127648955 std: 0.0944810153288653\n",
      "23.760246096991224 23.949208127648955 24.138170158306686\n"
     ]
    }
   ],
   "source": [
    "test.answer()"
   ]
  },
  {
   "cell_type": "markdown",
   "metadata": {},
   "source": [
    "# with antithetic"
   ]
  },
  {
   "cell_type": "code",
   "execution_count": 19,
   "metadata": {},
   "outputs": [
    {
     "name": "stdout",
     "output_type": "stream",
     "text": [
      "[[ 1.         -0.00677266]\n",
      " [-0.00677266  1.        ]]\n"
     ]
    }
   ],
   "source": [
    "test.sim('bonus1')"
   ]
  },
  {
   "cell_type": "code",
   "execution_count": 20,
   "metadata": {},
   "outputs": [
    {
     "data": {
      "text/plain": [
       "array([[ 1.       , -0.9999999],\n",
       "       [-0.9999999,  1.       ]])"
      ]
     },
     "execution_count": 20,
     "metadata": {},
     "output_type": "execute_result"
    }
   ],
   "source": [
    "np.corrcoef(test.simulator.result[0], rowvar = False)"
   ]
  },
  {
   "cell_type": "code",
   "execution_count": 21,
   "metadata": {},
   "outputs": [
    {
     "name": "stdout",
     "output_type": "stream",
     "text": [
      "mean: 23.950463909363435 std: 0.014013740068569518\n",
      "23.922436429226295 23.950463909363435 23.978491389500576\n"
     ]
    }
   ],
   "source": [
    "test.answer()"
   ]
  },
  {
   "cell_type": "markdown",
   "metadata": {},
   "source": [
    "# antithetic + inv charloskey"
   ]
  },
  {
   "cell_type": "code",
   "execution_count": 22,
   "metadata": {},
   "outputs": [
    {
     "name": "stdout",
     "output_type": "stream",
     "text": [
      "[[ 1.00000000e+00 -1.07369669e-17]\n",
      " [-1.07369669e-17  1.00000000e+00]]\n"
     ]
    }
   ],
   "source": [
    "test.sim('bonus2')"
   ]
  },
  {
   "cell_type": "code",
   "execution_count": 23,
   "metadata": {},
   "outputs": [
    {
     "data": {
      "text/plain": [
       "array([[ 1.       , -0.9999999],\n",
       "       [-0.9999999,  1.       ]])"
      ]
     },
     "execution_count": 23,
     "metadata": {},
     "output_type": "execute_result"
    }
   ],
   "source": [
    "np.corrcoef(test.simulator.result[0], rowvar = False)"
   ]
  },
  {
   "cell_type": "code",
   "execution_count": 24,
   "metadata": {},
   "outputs": [
    {
     "name": "stdout",
     "output_type": "stream",
     "text": [
      "mean: 23.950458373989186 std: 0.014018710593450926\n",
      "23.922420952802284 23.950458373989186 23.978495795176087\n"
     ]
    }
   ],
   "source": [
    "test.answer()"
   ]
  },
  {
   "cell_type": "markdown",
   "metadata": {},
   "source": [
    "# quesiton 3"
   ]
  },
  {
   "cell_type": "code",
   "execution_count": 30,
   "metadata": {},
   "outputs": [],
   "source": [
    "assetCnt = 5\n",
    "S0Lst = [S0_i] * assetCnt\n",
    "qLst = [q_i] * assetCnt\n",
    "sigmaLst = [sigma_i] * assetCnt\n",
    "corrMatrix = (np.ones((5,5)) * 0.5) + np.diag([0.5]*5)"
   ]
  },
  {
   "cell_type": "code",
   "execution_count": 31,
   "metadata": {},
   "outputs": [
    {
     "name": "stdout",
     "output_type": "stream",
     "text": [
      "[[1.  0.5 0.5 0.5 0.5]\n",
      " [0.5 1.  0.5 0.5 0.5]\n",
      " [0.5 0.5 1.  0.5 0.5]\n",
      " [0.5 0.5 0.5 1.  0.5]\n",
      " [0.5 0.5 0.5 0.5 1. ]]\n"
     ]
    }
   ],
   "source": [
    "print(corrMatrix)"
   ]
  },
  {
   "cell_type": "code",
   "execution_count": 32,
   "metadata": {},
   "outputs": [],
   "source": [
    "test = HW3.rainbow_mcSim(K, r, T, assetCnt, S0Lst, qLst, sigmaLst, corrMatrix, simCnt, repeatCnt)"
   ]
  },
  {
   "cell_type": "markdown",
   "metadata": {},
   "source": [
    "# without antithetic"
   ]
  },
  {
   "cell_type": "code",
   "execution_count": 33,
   "metadata": {},
   "outputs": [
    {
     "name": "stdout",
     "output_type": "stream",
     "text": [
      "[[ 1.00000000e+00  7.52211765e-04  7.23034112e-04  1.88522033e-03\n",
      "   8.76917943e-05]\n",
      " [ 7.52211765e-04  1.00000000e+00  4.24000592e-04 -2.36950030e-03\n",
      "  -2.57658379e-03]\n",
      " [ 7.23034112e-04  4.24000592e-04  1.00000000e+00  1.65740497e-03\n",
      "  -2.94350383e-03]\n",
      " [ 1.88522033e-03 -2.36950030e-03  1.65740497e-03  1.00000000e+00\n",
      "  -1.44771476e-03]\n",
      " [ 8.76917943e-05 -2.57658379e-03 -2.94350383e-03 -1.44771476e-03\n",
      "   1.00000000e+00]]\n"
     ]
    }
   ],
   "source": [
    "test.sim('')"
   ]
  },
  {
   "cell_type": "code",
   "execution_count": 35,
   "metadata": {},
   "outputs": [
    {
     "data": {
      "text/plain": [
       "array([[1.        , 0.50030255, 0.50006036, 0.50116882, 0.50158022],\n",
       "       [0.50030255, 1.        , 0.50058742, 0.49872999, 0.50080338],\n",
       "       [0.50006036, 0.50058742, 1.        , 0.50139957, 0.50068787],\n",
       "       [0.50116882, 0.49872999, 0.50139957, 1.        , 0.49751572],\n",
       "       [0.50158022, 0.50080338, 0.50068787, 0.49751572, 1.        ]])"
      ]
     },
     "execution_count": 35,
     "metadata": {},
     "output_type": "execute_result"
    }
   ],
   "source": [
    "np.corrcoef(test.simulator.result[0], rowvar = False)"
   ]
  },
  {
   "cell_type": "code",
   "execution_count": 36,
   "metadata": {},
   "outputs": [
    {
     "name": "stdout",
     "output_type": "stream",
     "text": [
      "mean: 30.364528613980646 std: 0.07888288297541525\n",
      "30.206762848029815 30.364528613980646 30.522294379931477\n"
     ]
    }
   ],
   "source": [
    "test.answer()"
   ]
  },
  {
   "cell_type": "markdown",
   "metadata": {},
   "source": [
    "# with antithetic"
   ]
  },
  {
   "cell_type": "code",
   "execution_count": 37,
   "metadata": {},
   "outputs": [
    {
     "name": "stdout",
     "output_type": "stream",
     "text": [
      "[[ 1.         -0.00392724  0.00754789  0.0057971  -0.00419087]\n",
      " [-0.00392724  1.         -0.00330494 -0.00236351  0.00159944]\n",
      " [ 0.00754789 -0.00330494  1.          0.00277396  0.00419435]\n",
      " [ 0.0057971  -0.00236351  0.00277396  1.         -0.00738983]\n",
      " [-0.00419087  0.00159944  0.00419435 -0.00738983  1.        ]]\n"
     ]
    }
   ],
   "source": [
    "test.sim('bonus1')"
   ]
  },
  {
   "cell_type": "code",
   "execution_count": 38,
   "metadata": {},
   "outputs": [
    {
     "data": {
      "text/plain": [
       "array([[1.        , 0.49898071, 0.50028739, 0.4970936 , 0.49536168],\n",
       "       [0.49898071, 1.        , 0.50255256, 0.49670267, 0.49704941],\n",
       "       [0.50028739, 0.50255256, 1.        , 0.49937423, 0.49858769],\n",
       "       [0.4970936 , 0.49670267, 0.49937423, 1.        , 0.49436353],\n",
       "       [0.49536168, 0.49704941, 0.49858769, 0.49436353, 1.        ]])"
      ]
     },
     "execution_count": 38,
     "metadata": {},
     "output_type": "execute_result"
    }
   ],
   "source": [
    "np.corrcoef(test.simulator.result[0], rowvar = False)"
   ]
  },
  {
   "cell_type": "code",
   "execution_count": 39,
   "metadata": {},
   "outputs": [
    {
     "name": "stdout",
     "output_type": "stream",
     "text": [
      "mean: 30.370494712160507 std: 0.029181613847822613\n",
      "30.312131484464864 30.370494712160507 30.42885793985615\n"
     ]
    }
   ],
   "source": [
    "test.answer()"
   ]
  },
  {
   "cell_type": "markdown",
   "metadata": {},
   "source": [
    "# antithetic + inv charloskey"
   ]
  },
  {
   "cell_type": "code",
   "execution_count": 40,
   "metadata": {},
   "outputs": [
    {
     "name": "stdout",
     "output_type": "stream",
     "text": [
      "[[ 1.00000000e+00  3.90976140e-17 -1.54951607e-16 -5.27844435e-17\n",
      "   3.93862720e-17]\n",
      " [ 3.90976140e-17  1.00000000e+00  3.05266923e-17  1.54543045e-18\n",
      "  -3.90798505e-19]\n",
      " [-1.54951607e-16  3.05266923e-17  1.00000000e+00  2.93631786e-17\n",
      "   4.22928359e-17]\n",
      " [-5.27844435e-17  1.54543045e-18  2.93631786e-17  1.00000000e+00\n",
      "   9.45021839e-18]\n",
      " [ 3.93862720e-17 -3.90798505e-19  4.22928359e-17  9.45021839e-18\n",
      "   1.00000000e+00]]\n"
     ]
    }
   ],
   "source": [
    "test.sim('bonus2')"
   ]
  },
  {
   "cell_type": "code",
   "execution_count": 41,
   "metadata": {},
   "outputs": [
    {
     "data": {
      "text/plain": [
       "array([[1. , 0.5, 0.5, 0.5, 0.5],\n",
       "       [0.5, 1. , 0.5, 0.5, 0.5],\n",
       "       [0.5, 0.5, 1. , 0.5, 0.5],\n",
       "       [0.5, 0.5, 0.5, 1. , 0.5],\n",
       "       [0.5, 0.5, 0.5, 0.5, 1. ]])"
      ]
     },
     "execution_count": 41,
     "metadata": {},
     "output_type": "execute_result"
    }
   ],
   "source": [
    "np.corrcoef(test.simulator.result[0], rowvar = False)"
   ]
  },
  {
   "cell_type": "code",
   "execution_count": 42,
   "metadata": {},
   "outputs": [
    {
     "name": "stdout",
     "output_type": "stream",
     "text": [
      "mean: 30.376699015909434 std: 0.01977900071782969\n",
      "30.337141014473776 30.376699015909434 30.416257017345092\n"
     ]
    }
   ],
   "source": [
    "test.answer()"
   ]
  },
  {
   "cell_type": "code",
   "execution_count": null,
   "metadata": {},
   "outputs": [],
   "source": []
  }
 ],
 "metadata": {
  "kernelspec": {
   "display_name": "Python 3",
   "language": "python",
   "name": "python3"
  },
  "language_info": {
   "codemirror_mode": {
    "name": "ipython",
    "version": 3
   },
   "file_extension": ".py",
   "mimetype": "text/x-python",
   "name": "python",
   "nbconvert_exporter": "python",
   "pygments_lexer": "ipython3",
   "version": "3.7.3"
  }
 },
 "nbformat": 4,
 "nbformat_minor": 4
}
