{
 "cells": [
  {
   "cell_type": "code",
   "execution_count": 45,
   "metadata": {},
   "outputs": [],
   "source": [
    "import HW3\n",
    "import numpy as np\n",
    "import math\n",
    "from pprint import pprint"
   ]
  },
  {
   "cell_type": "markdown",
   "metadata": {},
   "source": [
    "# shared config"
   ]
  },
  {
   "cell_type": "code",
   "execution_count": 46,
   "metadata": {},
   "outputs": [],
   "source": [
    "K = 100\n",
    "r = 0.1\n",
    "T = 0.5\n",
    "simCnt = 100000\n",
    "repeatCnt = 20\n",
    "S0_i = 95\n",
    "q_i = 0.05\n",
    "sigma_i = 0.5"
   ]
  },
  {
   "cell_type": "markdown",
   "metadata": {},
   "source": [
    "# quesiton 1"
   ]
  },
  {
   "cell_type": "code",
   "execution_count": 47,
   "metadata": {},
   "outputs": [],
   "source": [
    "assetCnt = 2\n",
    "S0Lst = [S0_i] * assetCnt\n",
    "qLst = [q_i] * assetCnt\n",
    "sigmaLst = [sigma_i] * assetCnt\n",
    "corrMatrix = [[1, 1],[1,1]]"
   ]
  },
  {
   "cell_type": "code",
   "execution_count": 48,
   "metadata": {},
   "outputs": [],
   "source": [
    "test = HW3.rainbow_mcSim(K, r, T, assetCnt, S0Lst, qLst, sigmaLst, corrMatrix, simCnt, repeatCnt)"
   ]
  },
  {
   "cell_type": "markdown",
   "metadata": {},
   "source": [
    "# without antithetic"
   ]
  },
  {
   "cell_type": "code",
   "execution_count": 49,
   "metadata": {},
   "outputs": [
    {
     "name": "stdout",
     "output_type": "stream",
     "text": [
      "[[ 1.         -0.00133589]\n",
      " [-0.00133589  1.        ]]\n"
     ]
    }
   ],
   "source": [
    "test.sim('')"
   ]
  },
  {
   "cell_type": "code",
   "execution_count": 50,
   "metadata": {},
   "outputs": [
    {
     "data": {
      "text/plain": [
       "array([[1., 1.],\n",
       "       [1., 1.]])"
      ]
     },
     "execution_count": 50,
     "metadata": {},
     "output_type": "execute_result"
    }
   ],
   "source": [
    "np.corrcoef(test.simulator.result[0], rowvar = False)"
   ]
  },
  {
   "cell_type": "code",
   "execution_count": 51,
   "metadata": {},
   "outputs": [
    {
     "name": "stdout",
     "output_type": "stream",
     "text": [
      "mean: 12.003592875259809 std: 0.07709179400430526\n",
      "11.849409287251198 12.003592875259809 12.15777646326842\n"
     ]
    }
   ],
   "source": [
    "test.answer()"
   ]
  },
  {
   "cell_type": "markdown",
   "metadata": {},
   "source": [
    "# with antithetic"
   ]
  },
  {
   "cell_type": "code",
   "execution_count": 52,
   "metadata": {},
   "outputs": [
    {
     "name": "stdout",
     "output_type": "stream",
     "text": [
      "[[1.        0.0017618]\n",
      " [0.0017618 1.       ]]\n"
     ]
    }
   ],
   "source": [
    "test.sim('bonus1')"
   ]
  },
  {
   "cell_type": "code",
   "execution_count": 53,
   "metadata": {},
   "outputs": [
    {
     "data": {
      "text/plain": [
       "array([[1., 1.],\n",
       "       [1., 1.]])"
      ]
     },
     "execution_count": 53,
     "metadata": {},
     "output_type": "execute_result"
    }
   ],
   "source": [
    "np.corrcoef(test.simulator.result[0], rowvar = False)"
   ]
  },
  {
   "cell_type": "code",
   "execution_count": 54,
   "metadata": {},
   "outputs": [
    {
     "name": "stdout",
     "output_type": "stream",
     "text": [
      "mean: 11.974212495946151 std: 0.01064562732078666\n",
      "11.952921241304578 11.974212495946151 11.995503750587725\n"
     ]
    }
   ],
   "source": [
    "test.answer()"
   ]
  },
  {
   "cell_type": "markdown",
   "metadata": {},
   "source": [
    "# antithetic + inv charloskey"
   ]
  },
  {
   "cell_type": "code",
   "execution_count": 55,
   "metadata": {},
   "outputs": [
    {
     "name": "stdout",
     "output_type": "stream",
     "text": [
      "[[ 1.00000000e+00 -9.76108083e-18]\n",
      " [-9.76108083e-18  1.00000000e+00]]\n"
     ]
    }
   ],
   "source": [
    "test.sim('bonus2')"
   ]
  },
  {
   "cell_type": "code",
   "execution_count": 56,
   "metadata": {},
   "outputs": [
    {
     "data": {
      "text/plain": [
       "array([[1., 1.],\n",
       "       [1., 1.]])"
      ]
     },
     "execution_count": 56,
     "metadata": {},
     "output_type": "execute_result"
    }
   ],
   "source": [
    "np.corrcoef(test.simulator.result[0], rowvar = False)"
   ]
  },
  {
   "cell_type": "code",
   "execution_count": 57,
   "metadata": {},
   "outputs": [
    {
     "name": "stdout",
     "output_type": "stream",
     "text": [
      "mean: 11.974212495946155 std: 0.010645627320786655\n",
      "11.952921241304582 11.974212495946155 11.995503750587728\n"
     ]
    }
   ],
   "source": [
    "test.answer()"
   ]
  },
  {
   "cell_type": "markdown",
   "metadata": {},
   "source": [
    "# quesiton 2"
   ]
  },
  {
   "cell_type": "code",
   "execution_count": 22,
   "metadata": {},
   "outputs": [],
   "source": [
    "assetCnt = 2\n",
    "S0Lst = [S0_i] * assetCnt\n",
    "qLst = [q_i] * assetCnt\n",
    "sigmaLst = [sigma_i] * assetCnt\n",
    "corrMatrix = [[1, -1],[-1,1]]"
   ]
  },
  {
   "cell_type": "code",
   "execution_count": 23,
   "metadata": {},
   "outputs": [],
   "source": [
    "test = HW3.rainbow_mcSim(K, r, T, assetCnt, S0Lst, qLst, sigmaLst, corrMatrix, simCnt, repeatCnt)"
   ]
  },
  {
   "cell_type": "markdown",
   "metadata": {},
   "source": [
    "# without antithetic"
   ]
  },
  {
   "cell_type": "code",
   "execution_count": 24,
   "metadata": {},
   "outputs": [
    {
     "name": "stdout",
     "output_type": "stream",
     "text": [
      "[[1.         0.00143072]\n",
      " [0.00143072 1.        ]]\n"
     ]
    }
   ],
   "source": [
    "test.sim('')"
   ]
  },
  {
   "cell_type": "code",
   "execution_count": 25,
   "metadata": {},
   "outputs": [
    {
     "data": {
      "text/plain": [
       "array([[ 1., -1.],\n",
       "       [-1.,  1.]])"
      ]
     },
     "execution_count": 25,
     "metadata": {},
     "output_type": "execute_result"
    }
   ],
   "source": [
    "np.corrcoef(test.simulator.result[0], rowvar = False)"
   ]
  },
  {
   "cell_type": "code",
   "execution_count": 26,
   "metadata": {},
   "outputs": [
    {
     "name": "stdout",
     "output_type": "stream",
     "text": [
      "mean: 23.944352421552765 std: 0.08295713025643667\n",
      "23.77843816103989 23.944352421552765 24.11026668206564\n"
     ]
    }
   ],
   "source": [
    "test.answer()"
   ]
  },
  {
   "cell_type": "markdown",
   "metadata": {},
   "source": [
    "# with antithetic"
   ]
  },
  {
   "cell_type": "code",
   "execution_count": 27,
   "metadata": {},
   "outputs": [
    {
     "name": "stdout",
     "output_type": "stream",
     "text": [
      "[[1.         0.00191204]\n",
      " [0.00191204 1.        ]]\n"
     ]
    }
   ],
   "source": [
    "test.sim('bonus1')"
   ]
  },
  {
   "cell_type": "code",
   "execution_count": 28,
   "metadata": {},
   "outputs": [
    {
     "data": {
      "text/plain": [
       "array([[ 1., -1.],\n",
       "       [-1.,  1.]])"
      ]
     },
     "execution_count": 28,
     "metadata": {},
     "output_type": "execute_result"
    }
   ],
   "source": [
    "np.corrcoef(test.simulator.result[0], rowvar = False)"
   ]
  },
  {
   "cell_type": "code",
   "execution_count": 29,
   "metadata": {},
   "outputs": [
    {
     "name": "stdout",
     "output_type": "stream",
     "text": [
      "mean: 23.952184744038 std: 0.015206087562925364\n",
      "23.92177256891215 23.952184744038 23.98259691916385\n"
     ]
    }
   ],
   "source": [
    "test.answer()"
   ]
  },
  {
   "cell_type": "markdown",
   "metadata": {},
   "source": [
    "# antithetic + inv charloskey"
   ]
  },
  {
   "cell_type": "code",
   "execution_count": 30,
   "metadata": {},
   "outputs": [
    {
     "name": "stdout",
     "output_type": "stream",
     "text": [
      "[[1.00000000e+00 2.35900188e-17]\n",
      " [2.35900188e-17 1.00000000e+00]]\n"
     ]
    }
   ],
   "source": [
    "test.sim('bonus2')"
   ]
  },
  {
   "cell_type": "code",
   "execution_count": 31,
   "metadata": {},
   "outputs": [
    {
     "data": {
      "text/plain": [
       "array([[ 1., -1.],\n",
       "       [-1.,  1.]])"
      ]
     },
     "execution_count": 31,
     "metadata": {},
     "output_type": "execute_result"
    }
   ],
   "source": [
    "np.corrcoef(test.simulator.result[0], rowvar = False)"
   ]
  },
  {
   "cell_type": "code",
   "execution_count": 32,
   "metadata": {},
   "outputs": [
    {
     "name": "stdout",
     "output_type": "stream",
     "text": [
      "mean: 23.952184744038 std: 0.015206087562924978\n",
      "23.92177256891215 23.952184744038 23.98259691916385\n"
     ]
    }
   ],
   "source": [
    "test.answer()"
   ]
  },
  {
   "cell_type": "markdown",
   "metadata": {},
   "source": [
    "# quesiton 3"
   ]
  },
  {
   "cell_type": "code",
   "execution_count": 58,
   "metadata": {},
   "outputs": [],
   "source": [
    "assetCnt = 5\n",
    "S0Lst = [S0_i] * assetCnt\n",
    "qLst = [q_i] * assetCnt\n",
    "sigmaLst = [sigma_i] * assetCnt\n",
    "corrMatrix = (np.ones((5,5)) * 0.5) + np.diag([0.5]*5)"
   ]
  },
  {
   "cell_type": "code",
   "execution_count": 59,
   "metadata": {},
   "outputs": [
    {
     "name": "stdout",
     "output_type": "stream",
     "text": [
      "[[1.  0.5 0.5 0.5 0.5]\n",
      " [0.5 1.  0.5 0.5 0.5]\n",
      " [0.5 0.5 1.  0.5 0.5]\n",
      " [0.5 0.5 0.5 1.  0.5]\n",
      " [0.5 0.5 0.5 0.5 1. ]]\n"
     ]
    }
   ],
   "source": [
    "print(corrMatrix)"
   ]
  },
  {
   "cell_type": "code",
   "execution_count": 60,
   "metadata": {},
   "outputs": [],
   "source": [
    "test = HW3.rainbow_mcSim(K, r, T, assetCnt, S0Lst, qLst, sigmaLst, corrMatrix, simCnt, repeatCnt)"
   ]
  },
  {
   "cell_type": "markdown",
   "metadata": {},
   "source": [
    "# without antithetic"
   ]
  },
  {
   "cell_type": "code",
   "execution_count": 61,
   "metadata": {},
   "outputs": [
    {
     "name": "stdout",
     "output_type": "stream",
     "text": [
      "[[ 1.00000000e+00  2.53052196e-03  1.02183743e-03  3.65875739e-03\n",
      "   2.59603101e-03]\n",
      " [ 2.53052196e-03  1.00000000e+00  2.59875079e-03 -2.40275318e-03\n",
      "   3.18079616e-03]\n",
      " [ 1.02183743e-03  2.59875079e-03  1.00000000e+00 -2.96762808e-04\n",
      "   2.52904886e-03]\n",
      " [ 3.65875739e-03 -2.40275318e-03 -2.96762808e-04  1.00000000e+00\n",
      "  -9.60828545e-04]\n",
      " [ 2.59603101e-03  3.18079616e-03  2.52904886e-03 -9.60828545e-04\n",
      "   1.00000000e+00]]\n"
     ]
    }
   ],
   "source": [
    "test.sim('')"
   ]
  },
  {
   "cell_type": "code",
   "execution_count": 62,
   "metadata": {},
   "outputs": [
    {
     "data": {
      "text/plain": [
       "array([[1.        , 0.4981667 , 0.49611668, 0.49803024, 0.49983663],\n",
       "       [0.4981667 , 1.        , 0.50073785, 0.50051438, 0.50004902],\n",
       "       [0.49611668, 0.50073785, 1.        , 0.50423548, 0.49979083],\n",
       "       [0.49803024, 0.50051438, 0.50423548, 1.        , 0.49823721],\n",
       "       [0.49983663, 0.50004902, 0.49979083, 0.49823721, 1.        ]])"
      ]
     },
     "execution_count": 62,
     "metadata": {},
     "output_type": "execute_result"
    }
   ],
   "source": [
    "np.corrcoef(test.simulator.result[0], rowvar = False)"
   ]
  },
  {
   "cell_type": "code",
   "execution_count": 63,
   "metadata": {},
   "outputs": [
    {
     "name": "stdout",
     "output_type": "stream",
     "text": [
      "mean: 30.404013508036904 std: 0.09937897063802419\n",
      "30.205255566760854 30.404013508036904 30.602771449312954\n"
     ]
    }
   ],
   "source": [
    "test.answer()"
   ]
  },
  {
   "cell_type": "markdown",
   "metadata": {},
   "source": [
    "# with antithetic"
   ]
  },
  {
   "cell_type": "code",
   "execution_count": 64,
   "metadata": {},
   "outputs": [
    {
     "name": "stdout",
     "output_type": "stream",
     "text": [
      "[[ 1.00000000e+00  5.91888665e-03  2.63140260e-03 -8.89617367e-04\n",
      "   3.32619082e-03]\n",
      " [ 5.91888665e-03  1.00000000e+00 -1.86424669e-03 -2.16041275e-03\n",
      "   7.16092048e-03]\n",
      " [ 2.63140260e-03 -1.86424669e-03  1.00000000e+00 -5.66037876e-03\n",
      "  -3.35291404e-03]\n",
      " [-8.89617367e-04 -2.16041275e-03 -5.66037876e-03  1.00000000e+00\n",
      "   1.76440920e-03]\n",
      " [ 3.32619082e-03  7.16092048e-03 -3.35291404e-03  1.76440920e-03\n",
      "   1.00000000e+00]]\n"
     ]
    }
   ],
   "source": [
    "test.sim('bonus1')"
   ]
  },
  {
   "cell_type": "code",
   "execution_count": 65,
   "metadata": {},
   "outputs": [
    {
     "data": {
      "text/plain": [
       "array([[1.        , 0.49964224, 0.50012132, 0.50013408, 0.50144405],\n",
       "       [0.49964224, 1.        , 0.50469557, 0.50338387, 0.50445623],\n",
       "       [0.50012132, 0.50469557, 1.        , 0.50841902, 0.50271524],\n",
       "       [0.50013408, 0.50338387, 0.50841902, 1.        , 0.50184215],\n",
       "       [0.50144405, 0.50445623, 0.50271524, 0.50184215, 1.        ]])"
      ]
     },
     "execution_count": 65,
     "metadata": {},
     "output_type": "execute_result"
    }
   ],
   "source": [
    "np.corrcoef(test.simulator.result[0], rowvar = False)"
   ]
  },
  {
   "cell_type": "code",
   "execution_count": 66,
   "metadata": {},
   "outputs": [
    {
     "name": "stdout",
     "output_type": "stream",
     "text": [
      "mean: 30.37719950320986 std: 0.02374130842698581\n",
      "30.329716886355886 30.37719950320986 30.42468212006383\n"
     ]
    }
   ],
   "source": [
    "test.answer()"
   ]
  },
  {
   "cell_type": "markdown",
   "metadata": {},
   "source": [
    "# antithetic + inv charloskey"
   ]
  },
  {
   "cell_type": "code",
   "execution_count": 67,
   "metadata": {},
   "outputs": [
    {
     "name": "stdout",
     "output_type": "stream",
     "text": [
      "[[ 1.00000000e+00 -5.96855898e-18 -1.10134124e-17  1.13242749e-17\n",
      "  -3.22941673e-17]\n",
      " [-5.96855898e-18  1.00000000e+00  8.02913291e-18  2.19047003e-17\n",
      "  -6.20303808e-17]\n",
      " [-1.10134124e-17  8.02913291e-18  1.00000000e+00  3.11750625e-17\n",
      "   1.38200562e-17]\n",
      " [ 1.13242749e-17  2.19047003e-17  3.11750625e-17  1.00000000e+00\n",
      "   2.40696352e-18]\n",
      " [-3.22941673e-17 -6.20303808e-17  1.38200562e-17  2.40696352e-18\n",
      "   1.00000000e+00]]\n"
     ]
    }
   ],
   "source": [
    "test.sim('bonus2')"
   ]
  },
  {
   "cell_type": "code",
   "execution_count": 68,
   "metadata": {},
   "outputs": [
    {
     "data": {
      "text/plain": [
       "array([[1. , 0.5, 0.5, 0.5, 0.5],\n",
       "       [0.5, 1. , 0.5, 0.5, 0.5],\n",
       "       [0.5, 0.5, 1. , 0.5, 0.5],\n",
       "       [0.5, 0.5, 0.5, 1. , 0.5],\n",
       "       [0.5, 0.5, 0.5, 0.5, 1. ]])"
      ]
     },
     "execution_count": 68,
     "metadata": {},
     "output_type": "execute_result"
    }
   ],
   "source": [
    "np.corrcoef(test.simulator.result[0], rowvar = False)"
   ]
  },
  {
   "cell_type": "code",
   "execution_count": 69,
   "metadata": {},
   "outputs": [
    {
     "name": "stdout",
     "output_type": "stream",
     "text": [
      "mean: 30.37852373976275 std: 0.025332122743533372\n",
      "30.327859494275682 30.37852373976275 30.429187985249815\n"
     ]
    }
   ],
   "source": [
    "test.answer()"
   ]
  },
  {
   "cell_type": "code",
   "execution_count": null,
   "metadata": {},
   "outputs": [],
   "source": []
  }
 ],
 "metadata": {
  "kernelspec": {
   "display_name": "Python 3",
   "language": "python",
   "name": "python3"
  },
  "language_info": {
   "codemirror_mode": {
    "name": "ipython",
    "version": 3
   },
   "file_extension": ".py",
   "mimetype": "text/x-python",
   "name": "python",
   "nbconvert_exporter": "python",
   "pygments_lexer": "ipython3",
   "version": "3.7.3"
  }
 },
 "nbformat": 4,
 "nbformat_minor": 4
}
